1
00000000000000000000000000000
00000000000000000000000000000
00000000000000000000000000000
00000000002000000000000000000
00000000010000000000000000000
00000000101000000000000000000
00000011200200000000000000000
00000022100000000000000000000
00000000020000000000000000000
00000000000000000000000000000
00000000000000000000000000000
00000000000000000000000000000
00000000000000000000000000000
00000000000000000000000000000
00000000000000000000000000000
00000000000000000000000000000
00000000000000000000000000000
00000000000000000000000000000
00000000000000000000000000000
00000000000000000000000000000
00000000000000000000000000000
00000000000000000000000000000
00000000000000000000000000000
00000000000000000000000000000
00000000000000000000000000000
